#new.s
100111 00000000000000000000011100 
001001 00000 00010 0000000000000001 
001010 00001 00010 11001 00000 000000 
100011 11001 00000 0000000000010111 
001001 00000 00010 0000000000000001 
001010 00001 00010 00010 00000 000000 
011110 00001 11110 0000000000000000 
011110 11111 11110 0000000000000100 
001001 11110 11110 0000000000001000 
001001 00010 00001 0000000000000000 
101000 00000000000000000000000001 
001001 11110 11110 1111111111111000 
011100 11110 11111 0000000000000100 
001001 00000 00010 0000000000000010 
011100 11110 00011 0000000000000000 
001010 00011 00010 00010 00000 000000 
011110 00001 11110 0000000000000100 
011110 11111 11110 0000000000001000 
001001 11110 11110 0000000000001100 
001001 00010 00001 0000000000000000 
101000 00000000000000000000000001 
001001 11110 11110 1111111111110100 
011100 11110 11111 0000000000001000 
011100 11110 00010 0000000000000100 
001000 00010 00001 00001 00000 000000 
101001 11111 00000 0000000000000000 
001001 00000 00001 0000000000000001 
101001 11111 00000 0000000000000000 
001011 00000 11011 0000000000100000 
001001 00000 00001 0000000000001010 
011110 11111 11110 0000000000000000 
001001 11110 11110 0000000000000100 
101000 00000000000000000000000001 
001001 11110 11110 1111111111111100 
011100 11110 11111 0000000000000000 
011110 11111 11110 0000000000000000 
001001 11110 11110 0000000000000100 
101000 00000000000000000000101011 
001001 11110 11110 1111111111111100 
011100 11110 11111 0000000000000000 
000101 00000000000000000000000000 
000111 00001 00000 00000 00000 000000 
101001 11111 00000 0000000000000000 
001001 00001 11001 0000000000000000 
001001 00000 00010 0000000000001010 
001001 00000 00011 0000000000000001 
100001 11001 00000 0000000000000101 
001010 00000 00001 00001 00000 000000 
001001 00000 00100 0000000000101101 
000111 00100 00000 00000 00000 000000 
100111 00000000000000000000101011 
001010 00001 00010 11001 00000 000000 
100100 11001 00000 0000000000000100 
001111 00010 00010 0000000000001010 
001001 00011 00011 0000000000000001 
100111 00000000000000000000110011 
001001 00011 11001 0000000000000000 
100000 11001 00000 0000000000001001 
001110 00010 00010 0000000000001010 
001001 00011 00011 1111111111111111 
001100 00001 00010 00100 00000 000000 
001101 00010 00100 00101 00000 000000 
001010 00001 00101 00001 00000 000000 
001001 00100 00100 0000000000110000 
000111 00100 00000 00000 00000 000000 
100111 00000000000000000000111000 
101001 11111 00000 0000000000000000 
001001 00000 00001 0000000000000000 
001001 00000 00010 0000000000000000 
001001 00000 00011 0000000000000000 
000110 00000 00000 00100 00000 000000 
001001 00100 11001 1111111111100000 
100011 11001 00000 0000000000001100 
001001 00100 11001 1111111111010011 
100000 11001 00000 0000000000001000 
001001 00100 11001 1111111111010101 
100000 11001 00000 1111111111111010 
001001 00100 00100 1111111111010000 
001111 00001 00001 0000000000001010 
001000 00001 00100 00001 00000 000000 
001001 00000 00010 0000000000000001 
100111 00000000000000000001000110 
001001 00011 00011 0000000000000001 
100111 00000000000000000001000110 
001000 00010 00000 11001 00000 000000 
100000 11001 00000 1111111111110001 
010101 00011 00011 0000000000000001 
001001 00011 11001 1111111111111111 
100100 11001 00000 0000000000000010 
001010 00000 00001 00001 00000 000000 
101001 11111 00000 0000000000000000 
001001 00000 00010 0000000000000000 
001001 00000 00011 0000000000000000 
001001 00000 00101 0000000000000000 
001001 00000 00110 0000000000000000 
001001 00000 00111 0000000000000000 
001001 00000 01000 0000000000001010 
110100 00000 00000 0000000000000000 
110100 00000 00001 0000000000000000 
110100 01000 11111 0000000000000000 
111100 11111 00010 0000000000000000 
000110 00000 00000 00100 00000 000000 
001001 00100 11001 1111111111100000 
100011 11001 00000 0000000000010110 
001001 00100 11001 1111111111010011 
100000 11001 00000 0000000000001010 
001001 00100 11001 1111111111010101 
100000 11001 00000 1111111111111010 
001001 00100 11001 1111111111010010 
100000 11001 00000 0000000000001000 
001001 00100 00100 1111111111010000 
001111 00101 00101 0000000000001010 
001000 00101 00100 00101 00000 000000 
001001 00000 00010 0000000000000001 
100111 00000000000000000001100101 
001001 00011 00011 0000000000000001 
100111 00000000000000000001100101 
000110 00000 00000 00100 00000 000000 
001001 00100 11001 1111111111100000 
100011 11001 00000 0000000000000110 
001001 00100 00100 1111111111010000 
001111 00110 00110 0000000000001010 
001000 00110 00100 00110 00000 000000 
001001 00111 00111 0000000000000001 
100111 00000000000000000001110101 
001001 00010 11001 0000000000000000 
100000 11001 00000 1111111111100111 
110100 00101 11111 0000000000000000 
111100 11111 00000 0000000000000000 
110100 00110 11111 0000000000000000 
111100 11111 00001 0000000000000000 
001001 00111 11001 0000000000000000 
100000 11001 00000 0000000000000100 
001001 00111 00111 1111111111111111 
111011 00001 00010 00001 00000 000000 
100111 00000000000000000010000011 
111000 00000 00001 00000 00000 000000 
010101 00011 00011 0000000000000001 
001001 00011 11001 1111111111111111 
100100 11001 00000 0000000000000010 
110111 00000 00000 0000000000000000 
101001 11111 00000 0000000000000000 
11111111111111111111111111111111 
